8
10
6
polygon
3
-0.0078125 0.04218749701976776
-0.20703125 0.5773437470197678
0.265625 0.5773437470197678
1 0 0 1
1 0 0 1
1 0 0 1
10
6
polygon
3
0.02734375 0.014843747019767761
0.30078125 0.5539062470197678
0.5703125 0.21406249701976776
1 1 1 1
1 1 1 1
1 1 1 1
10
6
polygon
3
0.03125 -0.02031250298023224
0.58203125 0.17890624701976776
0.58203125 -0.26640625298023224
1 0 0 1
1 0 0 1
1 0 0 1
10
6
polygon
3
0.01953125 -0.05546875298023224
0.578125 -0.30937500298023224
0.234375 -0.6101562529802322
1 1 1 1
1 1 1 1
1 1 1 1
10
6
polygon
3
-0.01171875 -0.07109375298023224
-0.28125 -0.6218750029802322
0.203125 -0.6296875029802322
1 0 0 1
1 0 0 1
1 0 0 1
10
6
polygon
3
-0.04296875 -0.05546875298023224
-0.3203125 -0.5984375029802322
-0.6015625 -0.21562500298023224
1 1 1 1
1 1 1 1
1 1 1 1
10
6
polygon
3
-0.04296875 -0.02031250298023224
-0.61328125 -0.18046875298023224
-0.609375 0.21015624701976776
1 0 0 1
1 0 0 1
1 0 0 1
10
6
polygon
3
-0.59375 0.24921874701976776
-0.03515625 0.014843747019767761
-0.24609375 0.5578124970197678
1 1 1 1
1 1 1 1
1 1 1 1
